Round 0 

0000000
0010000
0001000
0111000
0000000
0000000
0000000

------

Round 1 

0000000
0010000
0001000
0111000
0000000
0000000
0000000

------

Round 2 

0000000
0010000
0001000
0111000
0000000
0000000
0000000

------

Round 3 

0000000
0010000
0001000
0111000
0000000
0000000
0000000

------

Round 4 

0000000
0010000
0001000
0111000
0000000
0000000
0000000

------

Round 5 

0000000
0010000
0001000
0111000
0000000
0000000
0000000

------

Round 6 

0000000
0010000
0001000
0111000
0000000
0000000
0000000

------

Round 7 

0000000
0010000
0001000
0111000
0000000
0000000
0000000

------

Round 8 

0000000
0010000
0001000
0111000
0000000
0000000
0000000

------

Round 9 

0000000
0010000
0001000
0111000
0000000
0000000
0000000

------

Round 10 

0000000
0010000
0001000
0111000
0000000
0000000
0000000

------

Round 11 

0000000
0010000
0001000
0111000
0000000
0000000
0000000

------

Round 12 

0000000
0010000
0001000
0111000
0000000
0000000
0000000

------

Round 13 

0000000
0010000
0001000
0111000
0000000
0000000
0000000

------

Round 14 

0000000
0010000
0001000
0111000
0000000
0000000
0000000

------

Round 15 

0000000
0010000
0001000
0111000
0000000
0000000
0000000

------

Round 16 

0000000
0010000
0001000
0111000
0000000
0000000
0000000

------

Round 17 

0000000
0010000
0001000
0111000
0000000
0000000
0000000

------

Round 18 

0000000
0010000
0001000
0111000
0000000
0000000
0000000

------

Round 19 

0000000
0010000
0001000
0111000
0000000
0000000
0000000

------

Round 20 

0000000
0010000
0001000
0111000
0000000
0000000
0000000

------

